[gd_scene load_steps=10 format=3 uid="uid://c7wwmvh8j4vde"]

[ext_resource type="PackedScene" uid="uid://mkf1x0isvdgh" path="res://scenes/spring.tscn" id="1_0qx2j"]
[ext_resource type="Script" path="res://scenes/Mass.gd" id="1_ywpff"]
[ext_resource type="PackedScene" uid="uid://bh55v6lb15rvx" path="res://scenes/damper.tscn" id="2_iipxc"]

[sub_resource type="StandardMaterial3D" id="StandardMaterial3D_ribyy"]
albedo_color = Color(0.533333, 0.533333, 0.533333, 1)

[sub_resource type="BoxMesh" id="BoxMesh_wafs7"]
size = Vector3(10, 15, 2)

[sub_resource type="BoxShape3D" id="BoxShape3D_2twk8"]
size = Vector3(10, 15, 1.5)

[sub_resource type="BoxShape3D" id="BoxShape3D_ffduc"]
size = Vector3(2, 3, 3)

[sub_resource type="StandardMaterial3D" id="StandardMaterial3D_6u768"]
albedo_color = Color(0.458824, 0.858824, 0.811765, 1)

[sub_resource type="BoxMesh" id="BoxMesh_hkt6h"]
size = Vector3(8, 12, 12)

[node name="Scene3D" type="Node3D"]

[node name="Spring" parent="." instance=ExtResource("1_0qx2j")]
transform = Transform3D(1, 0, 0, 0, 1, 0, 0, 0, 1, 0, 2.76901, -13.204)

[node name="k" type="Label3D" parent="Spring"]
transform = Transform3D(-0.0381785, 0, 0.999271, 0, 1, 0, -0.999271, 0, -0.0381785, 0.0489888, 3.93323, 0.156515)
pixel_size = 0.1
text = "k"

[node name="Damper" parent="." instance=ExtResource("2_iipxc")]
transform = Transform3D(1, 0, 0, 0, 1, 0, 0, 0, 1, -0.0535147, -3.82892, -12.9455)

[node name="c" type="Label3D" parent="Damper"]
transform = Transform3D(-0.0381785, 0, 0.999271, 0, 1, 0, -0.999271, 0, -0.0381785, 0.102504, 2.69792, -0.102006)
pixel_size = 0.1
text = "c"

[node name="Wall" type="StaticBody3D" parent="."]
transform = Transform3D(0.99996, -0.00890106, 0, 0.00890106, 0.99996, 0, 0, 0, 1, 0, 0, -1.38705)

[node name="MeshInstance3D" type="MeshInstance3D" parent="Wall"]
material_override = SubResource("StandardMaterial3D_ribyy")
mesh = SubResource("BoxMesh_wafs7")

[node name="CollisionShape3D" type="CollisionShape3D" parent="Wall"]
transform = Transform3D(0.998801, 0, 0, 0, 0.998801, 0, 0, 0, 0.998801, 0, 0, -0.265702)
shape = SubResource("BoxShape3D_2twk8")

[node name="Camera3D" type="Camera3D" parent="."]
transform = Transform3D(0.0623725, 0, 0.998053, 0, 1, 0, -0.998053, 0, 0.0623725, 28.5532, 3.32178, -11.812)

[node name="DirectionalLight3D" type="DirectionalLight3D" parent="."]
transform = Transform3D(-0.821687, -0.569939, -4.55358e-09, 0.069932, -0.100822, 0.992444, -0.565633, 0.815478, 0.122701, 1.99446, 16.5673, -16.7649)

[node name="DirectionalLight3D2" type="DirectionalLight3D" parent="."]
transform = Transform3D(0.00383723, -0.146186, 0.98925, 0.824648, 0.560023, 0.0795584, -0.565633, 0.815478, 0.122701, 24.7405, 14.1974, -3.89966)

[node name="Node3D" type="Node3D" parent="."]
script = ExtResource("1_ywpff")

[node name="Mass" type="Area3D" parent="Node3D"]
transform = Transform3D(1, 0, 0, 0, 1, 0, 0, 0, 1, 0, 0, -29.46)

[node name="CollisionShape3D" type="CollisionShape3D" parent="Node3D/Mass"]
shape = SubResource("BoxShape3D_ffduc")

[node name="MeshInstance3D" type="MeshInstance3D" parent="Node3D/Mass"]
material_override = SubResource("StandardMaterial3D_6u768")
mesh = SubResource("BoxMesh_hkt6h")
skeleton = NodePath("")

[node name="m" type="Label3D" parent="Node3D/Mass"]
transform = Transform3D(-0.0381785, 0, 0.999271, 0, 1, 0, -0.999271, 0, -0.0381785, 4.226, 0.707, 0)
pixel_size = 0.1
text = "m"
